0	1.000000		1.000000	1
1	1.000000		1.000000	0
2	1.000000		1.000000	0
3	1.000000		1.000000	0
4	0.802375		0.798742	0
5	0.427542		0.471126	0
6	0.407259		0.449400	0
7	0.389512		0.430818	0
8	0.389512		0.430818	0
9	0.365359		0.389365	0
10	0.332800		0.378216	0
11	0.356952		0.389079	0
12	0.317054		0.341338	0
13	0.283560		0.326186	0
14	0.264211		0.299314	1
15	0.236990		0.287879	1
16	0.279824		0.318468	1
17	0.262610		0.298742	1
18	0.223112		0.275300	1
19	0.246864		0.286164	1
20	0.249266		0.276444	1
21	0.200294		0.229274	1
22	0.196958		0.239280	1
23	0.191353		0.246427	1
24	0.188684		0.226987	1
25	0.169736		0.219840	1
26	0.168802		0.216123	1
27	0.166667		0.206975	2
28	0.168268		0.201258	2
29	0.174807		0.222413	2
30	0.159995		0.203831	2
31	0.158660		0.194111	2
32	0.154524		0.186392	2
33	0.151588		0.190680	2
34	0.147985		0.198971	2
35	0.156926		0.194969	2
36	0.147318		0.182390	2
37	0.147318		0.182390	2
38	0.135041		0.185535	2
39	0.129437		0.180961	2
40	0.129037		0.179245	3
41	0.121164		0.174099	3
42	0.119162		0.175243	3
43	0.120363		0.171527	3
44	0.113691		0.156661	3
45	0.111022		0.164094	3
46	0.115025		0.161521	3
47	0.112623		0.152373	3
48	0.106752		0.148656	3
49	0.111556		0.152373	3
50	0.107553		0.152087	3
51	0.106485		0.159234	3
52	0.107553		0.161521	3
53	0.107419		0.154660	4
54	0.099546		0.154660	4
55	0.099413		0.150658	4
56	0.096077		0.149228	4
57	0.092474		0.146083	4
58	0.093141		0.146655	4
59	0.091406		0.148370	4
60	0.089271		0.139508	4
61	0.092074		0.140652	4
62	0.093141		0.143511	4
63	0.095009		0.142939	4
64	0.090606		0.144654	4
65	0.088337		0.146369	4
66	0.086869		0.144368	5
67	0.086603		0.144368	5
68	0.083934		0.141795	5
69	0.080331		0.134648	5
70	0.080998		0.136650	5
71	0.079397		0.133791	5
72	0.083133		0.136364	5
73	0.079263		0.135220	5
74	0.078596		0.134077	5
75	0.080865		0.131790	5
76	0.076861		0.128359	5
77	0.075661		0.128073	6
78	0.076061		0.126930	6
79	0.077529		0.132075	6
80	0.073525		0.124643	6
81	0.073792		0.126358	6
82	0.073259		0.123499	6
83	0.072725		0.124643	6
84	0.072591		0.122927	6
85	0.071390		0.125500	6
86	0.066720		0.117210	6
87	0.068188		0.123499	6
88	0.068054		0.121498	6
89	0.068054		0.120640	6
90	0.068455		0.124643	7
91	0.066987		0.121784	7
92	0.067788		0.119497	7
93	0.066053		0.119211	7
94	0.065919		0.120640	7
95	0.067254		0.122642	7
96	0.066987		0.117782	7
97	0.066853		0.122070	7
98	0.065519		0.116352	7
99	0.064585		0.114065	7
100	0.063918		0.113208	8
