-1.1986331
-1.2188756
-1.1959304
-1.250244
-1.2432899
-1.1118109
-1.1968726
-1.1884185
-1.2007263
-1.1754616
-1.1331852
-1.1738013
-1.186381
-1.2187869
-1.2368157
-1.1731911
-1.1716288
-1.1709311
-1.2138795
-1.1932597
-1.1826898
-1.2170665
-1.2059112
-1.165126
-1.2185437
-1.1688231
-1.1918683
-1.187105
-1.2223285
-1.2665877
-1.1804715
-1.1588573
-1.2199487
-1.1850902
-1.1882942
-1.1490482
-1.1798557
-1.1567001
-1.1785972
-1.1681274
-1.216592
-1.1681448
-1.1866924
-1.3006581
-1.1881198
-1.2083462
-1.1718968
-1.1498127
-1.2379333
-1.185763
-1.2474662
-1.1969261
-1.2286852
-1.1597715
-1.1811276
-1.1528915
-1.1812577
-1.1490482
-1.1773181
-1.1762534
-1.1562559
-1.114248
-1.1490482
-1.1653611
-1.1648974
-1.1588225
-1.1621003
-1.1839994
-1.1521766
-1.1763667
-1.1490482
-1.1561248
-1.1540633
-1.1650466
-1.1699036
-1.2045063
-1.1636067
-1.1692103
-1.1711211
-1.1864507
-1.1848721
-1.1638997
-1.1930754
-1.2581132
-1.2614652
-1.1742647
-1.1490482
-1.1568351
-1.1641049
-1.1868428
-1.166691
-1.1649651
-1.1779703
-1.1690365
-1.1490482
-1.0708259
-1.1987241
-1.1576247
-1.249854
-1.1849385
-1.1554597
-1.157913
-1.184422
-1.1490482
-1.1603457
-1.1654749
-1.1648537
-1.1700744
-1.0735507
-1.1520451
-1.1527086
-1.2151008
-1.1877087
-1.1490482
-1.2005954
-1.1950991
-1.182363
-1.1621737
-1.1723859
-1.1614643
-1.1517992
-1.1593393
-1.161189
-1.1945819
-1.1883984
-1.1700725
-1.1544657
-1.154807
-1.1490482
-1.0449387
-1.1545289
-1.1590769
-1.1538793
-1.1618697
-1.1964573
-1.1490482
-1.1884149
-1.167799
-1.2136461
-1.1695753
-1.1597944
-1.2334059
-1.1613028
-1.2612282
-1.1837812
-1.1611731
-1.1855517
-1.1643755
-1.1742017
-1.022551
-1.1542949
-1.155698
-1.1614415
-1.095393
-1.1490482
-1.1632904
-1.1619594
-1.15824
-1.1667479
-1.2157779
-1.1573328
-1.158976
-1.1537292
-1.16718
-1.1672485
-1.1644619
-1.1914268
-1.1490482
-1.1509653
-1.1449058
-1.1619099
-1.1523908
-1.1796693
-1.1795952
-1.2114252
-1.1490482
-1.1559956
-1.1975907
-1.1668788
-1.1490482
-1.1594085
-1.1645894
-1.1159117
-1.1500275
-1.2552467
-1.0634529
-1.165679
-1.1775635
-1.1624242
-1.1710631
-1.207194
-1.0367797
-1.1520061
-1.1667497
-1.114909
-1.2093958
-1.2078262
-1.1791546
-1.1560648
-1.2003222
-1.1680457
-1.1859199
-1.1634945
-1.1943531
-1.1917725
-1.1652076
-1.1643097
-1.2243923
-1.1846577
-1.1935605
-1.1882684
-1.1833046
-1.1490482
-1.1569516
-1.1961368
-1.1880127
-1.1622491
-1.1655105
-1.2115073
-1.1709187
-1.1616718
-1.1539938
-1.1549077
-1.1784899
-1.1814849
-1.1751806
-1.1528652
-1.1914121
-1.2098425
-1.2117691
-1.1828594
-1.1604253
-1.1536786
-1.1578777
-1.1716788
-1.1539306
-1.2547074
-1.1584115
-1.1692463
-1.1576549
-1.1725544
-1.1684568
-1.0956415
-1.0894773
-1.1637735
-1.2043355
-1.1920562
-1.1758012
-1.1719151
-1.1639297
-1.2131105
-1.2123321
-1.1737739
-1.1398228
-1.1707965
-1.1619093
-1.1566014
-1.1809233
-1.1747376
-1.1803259
-1.1666701
-1.1633586
-1.1803527
-1.1696716
-1.1717912
-1.1685006
-1.1956095
-1.2654337
-1.2067055
-1.1430369
-1.1551094
-1.1342149
-1.1804767
-1.2178049
-1.1664062
-1.1630444
-1.1441282
-1.1363408
-1.1636944
-1.2218583
-1.1878402
-1.1604625
-1.2022967
-1.1572292
-1.2035108
-1.2050742
-1.1633077
-1.153784
-1.1753144
-1.1589341
-1.2312194
-1.2204195
-1.1552466
-1.1734379
-1.2052185
-1.1574997
-1.217747
-1.1902806
-1.1595545
-1.2091011
-1.1577007
-1.1576129
-1.1636102
-1.2163984
-1.1856564
-1.1962597
-1.1567175
-1.1642689
-1.1804709
-1.146265
-1.174771
-1.1783634
-1.1692737
-1.1600111
-1.18121
-1.1618909
-1.180975
-1.2301886
-1.1909358
-1.1978895
-1.2284679
-1.1490482
-1.2590738
-1.2238077
-1.2160211
-1.204846
-1.1709934
-1.2662209
-1.2439403
-1.2165953
-1.2050742
-1.1962143
-1.2245451
-1.2091011
-0.93988792
-1.161644
-1.2495731
-1.248395
-1.1682183
-1.1564876
-1.1500211
-1.1692794
-1.2423016
-1.1582696
-1.1575816
-1.1677036
-1.1767086
-1.1692196
-1.177886
-1.1690874
-1.1693178
-1.1503428
-1.1845924
-1.1114542
-1.1613276
-1.1558166
-1.1399397
0.060510518
-1.1654588
-1.1904304
-1.1469085
-1.1776199
-1.1806452
-1.1582186
-1.3065299
-1.1579725
-1.1490482
-1.1812133
-1.2097019
-1.1515314
-1.1874424
-1.1538609
-1.1490482
-1.2355905
-1.2164334
-1.1715202
-1.1533479
-1.1554442
-1.1490482
-1.1684853
-1.1972586
-1.1623324
-1.2260469
-1.2098039
-1.2096394
-1.1874828
-1.1462327
-1.1815001
-1.1604358
-1.1300808
-1.1452219
-1.159502
-1.2313848
-1.1391926
-1.1834141
-1.1490482
-1.2818417
-1.1583176
-1.1678896
-1.1626134
-1.1734355
-1.1697191
-1.2202801
-1.2304463
-1.159866
-1.1523751
-1.1336791
-1.14601
-1.2154125
-1.229195
-1.1734053
-1.2037962
-1.1593621
-1.1801897
-1.1408799
-1.1474801
-1.1654465
-1.156829
-1.1549035
-1.1576451
-1.1961927
-1.2023365
-1.1635561
-1.1793324
-1.1568999
-1.171307
-1.1690129
-1.1452219
-1.1542688
-1.2356699
-1.1636324
-1.2185299
-1.3591992
-1.2031702
-1.2201769
-1.164848
-1.261203
-1.2543639
-1.1680453
-1.1602827
-1.168788
-1.1490482
-1.1699943
-1.07493
-1.2050591
-1.1704518
-1.2512145
-1.1562551
-1.2577952
-1.1579509
-1.3720419
-1.2043764
-1.1587709
-1.1727685
-1.1475481
-1.1730653
-1.1659922
-1.1691816
-1.1725529
-1.1557848
-1.1619331
-1.1693502
-1.1930003
-1.2053262
-1.3771015
-1.2225969
-1.1511357
-1.1490482
-1.1654231
-1.1609456
-1.0856222
-1.327874
-1.174769
-1.1704592
-1.1880998
-1.1592479
-1.1737461
-1.1520367
-1.154637
-1.1653149
-1.1720134
-1.1529573
-1.1536377
-1.1513555
-1.1152822
-1.1587513
-1.1578716
-1.1581735
-1.165381
-1.3284347
-1.2150414
-1.1533605
-1.195126
-1.2251828
-1.1450326
-1.1868874
-1.1620751
-1.155514
-1.1782318
-1.1708819
-1.2084344
-1.1836115
-1.1930544
-1.1786481
-1.087971
-1.1570963
-1.1286212
-1.1490482
-1.2085995
-1.1255871
-1.2081228
-1.1525206
-1.0838435
-1.1530968
-1.1003963
-1.151797
-1.1395811
-1.1615086
-1.1564665
-1.2368218
-1.1564235
-1.2011313
-1.1626777
-1.1352996
-1.2080167
-1.1509767
-1.1773773
-1.1542721
-1.1534799
-1.1924419
-1.2082684
-1.1891735
-1.1656544
-1.1611148
-1.1595227
-1.1490553
-1.1514234
-1.1469308
-1.1458383
-1.1541116
-1.1510545
-1.1701056
-1.2275789
-1.1739122
-1.2392399
-1.2326262
-1.2449076
-1.2446594
-1.0847675
-1.1576163
-1.1585704
-1.1774347
-1.1490482
-0.8448066
-1.1868044
-1.1767053
-1.226048
-1.172433
-1.1705114
-1.2169499
-1.1531432
-1.2688602
-1.1192284
-1.1773101
-1.2448045
-1.1490482
-1.2848682
-1.2920499
-1.3026809
-1.0112669
-1.1739122
-1.309239
-1.045733
-1.1768361
-1.2625409
-1.0901316
-1.152592
-1.1544933
-1.1561142
-1.1585725
-1.1597342
-1.1490482
-1.1318929
-1.1598678
-1.2701875
-1.162215
-1.2333502
-1.1656333
-1.1007299
-1.1711821
-1.1647613
-1.1607461
-1.1542564
-1.1556847
-0.78494804
-1.2302682
-1.1565653
-1.1605348
-1.1665324
-1.2442697
-0.92571101
-1.1803312
-1.0570471
-1.2295074
-1.2434937
-1.0958805
-1.1526237
-1.1553889
-1.1693928
-0.85178788
-1.163859
-1.1724759
-1.188192
-1.168645
-1.225184
-1.2078343
-1.1546515
-1.1703686
-1.0947542
-1.0826643
-1.1523307
-1.1830938
-1.0331831
-1.1586842
-1.2361931
-1.1914366
-1.1870578
-1.2467862
-1.104812
-1.1769426
-1.1115226
-1.1690175
-1.1647238
-1.1653129
-1.1678413
-1.1499858
-1.1609131
-1.1490702
-1.1710245
-1.1667602
-1.0571581
-1.1555573
-1.1607598
-1.1672152
-1.1601898
-1.1596819
-1.1490645
-1.1523658
-1.1682607
-1.1813747
-1.1739854
-1.167382
-1.1565695
-1.1722728
-1.2130149
-1.1655019
-1.0984269
-1.1529204
-1.0251987
-1.1490482
-1.239514
-1.1823937
-1.1576552
-1.2098908
-1.2148197
-1.1644916
-1.1490482
-1.1490482
-1.1455446
-1.1911058
-1.1681578
-1.1777156
-1.1790369
-1.1782878
-1.1851009
-1.1490482
-1.1577715
-1.1490482
-1.1516761
-1.1574634
-1.1946201
-1.2117946
-1.1620232
-1.2169296
-1.1969864
-1.219499
-1.2424151
-1.2242551
-1.3255761
-1.2137311
-1.1555109
-1.2486998
-1.1894774
-1.166864
-1.1971254
-1.2566631
-1.1988388
-1.1734295
-1.1780929
-1.1738817
-1.175798
-1.1829905
-1.2146751
-1.1713681
-1.1719675
-1.2911089
-1.2287511
-1.204918
-1.2044462
-1.1939048
-1.2156911
-1.1668713
-1.2014223
-1.2920493
-1.1671553
-1.3439979
-1.1745914
-1.250172
-1.1262472
-1.2014978
-1.203395
-1.1947006
-1.1725814
-1.1782688
-1.1677691
-1.1669592
-1.1713475
-1.1697711
-1.2060898
-1.1927919
-1.1576142
-1.2309679
-1.1660635
-1.2137155
-1.1663251
-1.2086056
-1.1667085
-1.3102362
-1.1675638
-1.2019571
-1.1729672
-1.1576039
-1.2295869
-1.1892187
-1.1992393
-1.2550436
-1.1787133
-1.1962219
-1.1796637
-1.1752087
-1.2450785
-1.1562421
-1.1849808
-1.1749184
-1.1857712
-1.1737917
-1.1503974
-1.1615371
-1.1837066
-1.1985246
-1.2920493
-1.2141046
-1.1040661
-1.1992687
-1.2055418
-1.1997371
-1.1957577
-1.2349552
-1.2313571
-1.1675615
-1.163488
-1.1692277
-1.1583329
-1.1505665
-1.1658844
-1.1497402
-1.1930082
-1.1711776
-1.1677691
-1.1636101
-1.1699362
-1.1837493
-1.1856579
-1.1691825
-1.1758299
-1.1535781
-1.1562368
-1.1660377
-1.1499553
-1.1490482
-1.2080665
-1.1813389
-1.2039445
-1.1722509
-1.1698491
-1.1693225
-1.1695787
-1.1731468
-1.1699565
-1.2025457
-1.1726736
-1.1538609
-1.2010245
-1.2040269
-1.1595173
-1.1490482
-1.112395
-1.1559345
-1.1656431
-1.2502972
-1.1627881
-1.2235976
-1.1545422
-1.2896092
-1.2073428
-1.1452219
-1.1689372
-1.1524218
-1.1739546
-1.0608362
-1.2297576
-1.1740802
-1.1558507
-1.1766904
-1.1877812
-1.1871579
-1.1597344
-1.1484524
-1.1391926
-1.1556238
-1.1592795
-1.1290278
-1.1683987
-1.1557393
-1.1514672
-1.1490482
-1.1723856
-1.1565887
-1.1570799
-1.1934619
-1.2036399
-1.1669572
-1.2095562
-1.1802678
-1.1748412
-1.1574204
-1.1531964
-1.2124114
-1.1490482
-1.174683
-1.1390628
-1.1391459
-1.2076335
-1.1463169
-1.1996228
-1.1508592
-1.1787897
-1.161921
-1.167206
-1.1880931
-1.1689577
-1.1617409
-1.1719227
-1.1563827
-1.1829905
-1.1765781
-1.1493304
-1.1405224
-1.0931646
-1.1597345
-1.1181145
-1.2339468
-1.2263465
-1.1702218
-1.1665036
-1.1490482
-1.15263
-1.1609772
-1.0770158
-1.1607971
-1.1490482
-1.1773813
-1.1579918
-1.1846932
-1.1769406
-1.0248937
-1.16624
-1.1923077
-1.1501566
-1.1864197
-1.1502134
-1.1692342
-1.22745
-1.1554145
-1.1490482
-1.1899464
-1.1556129
-1.1771925
-1.1589661
-1.1512677
-1.1619287
-1.1773193
-1.1556035
-1.2293998
-1.1428738
-1.1490482
-1.1494457
-1.1596299
-1.1654767
-1.1664764
-1.1759441
-1.1588673
-1.1634736
-1.1601845
-1.1642101
-1.1349205
-1.1708904
-1.1722165
-1.21706
-1.096904
-1.1641064
-1.1490482
-1.1584117
-1.1820777
-1.177315
-1.1663233
-1.1490694
-1.1546064
-1.1551049
-1.1209912
-1.1663084
-1.1544999
-1.1553865
-1.1574483
-1.1930408
-1.1538141
-1.1634378
-1.1533601
-1.153511
-1.1539375
-1.1536613
-1.1527999
-1.1537155
-1.1725584
-1.1533595
-1.158299
-1.1939843
-1.1613696
-1.1724343
-1.1752362
-1.1546846
-1.1530986
-1.1481456
-1.1637535
-1.1647305
-1.1926921
-1.1757394
-1.1491118
-1.1598098
-1.1627448
-1.1820777
-1.1574068
-1.1629544
-1.1978377
-1.0948874
-1.1607971
-1.1452361
-1.1682391
-1.1537902
-1.1347695
-1.2033184
-1.1518592
-1.1665451
-1.1625437
-1.1518873
-1.154476
-1.1566461
-1.1568235
-1.1661254
-1.1663475
-1.1545413
-1.1661607
-1.155941
-1.1706036
-1.1338242
-1.230612
-1.152053
-1.1674922
-1.1755912
-1.1047026
-1.1875084
-1.160635
-1.1522834
-1.1586209
-1.1815015
-1.1722022
-1.1666978
-1.2132084
-1.1746551
-1.1606308
-1.1490482
-1.1524423
-1.1714781
-1.1490482
-1.1538736
-1.2054678
-1.2460152
-1.1749537
-1.2116629
-1.1490482
-1.1854647
-1.1664262
-1.1551309
-1.1234155
-1.161404
-1.1797023
-1.1689949
-1.1727892
-1.1585655
-1.2129625
-1.1648204
-1.1490482
-1.1752998
-1.1639125
-1.1656844
-1.1490591
-1.1757712
-1.1603039
-1.1599949
-1.134177
-1.1626642
-1.2020773
-1.1687166
-1.1657499
-1.1528424
-1.1852351
-1.18086
-1.1594356
-1.1620298
-1.1490482
-1.1531757
-1.1632748
-1.170577
-1.2075472
-1.161273
-1.1583076
-1.1529317
-1.1565996
-1.1621908
-1.1541293
-1.155632
-1.1525927
-1.1490482
-1.1515838
-1.1631655
-1.1521835
-1.1521072
-1.204192
-1.1571196
-1.1692566
-1.1834575
-1.1490482
-1.1596583
-1.1576937
-1.1530134
-1.1780751
-1.1596641
-1.1833663
-1.153071
-1.1490482
-1.1758424
-1.2394749
-1.1496059
-1.1554388
-1.152039
-1.1788272
-1.1565438
-1.180659
-1.1592227
-1.0885682
-1.1788076
-1.1541571
-1.1683389
-1.1714766
-1.152348
-1.1916461
-1.2006602
-1.2391867
-1.1997078
-1.2142808
-1.1659314
-1.1634174
-1.2157115
-1.3073495
-1.1465389
-1.3989725
-1.1748238
-1.1992717
-1.2173116
-1.179919
-1.2041717
-1.2312303
-1.1912639
-1.1999285
-1.2144015
-1.1588013
-1.199554
-1.1985644
-1.2190116
-1.2121641
-1.1992224
-1.1971895
-1.2713516
-1.2224531
-1.1983653
-1.1718946
-1.2312303
-1.1331296
-1.1739233
-1.1518744
-1.1563349
-1.1542865
-1.1651374
-1.1582361
-1.1831391
-1.1612964
-1.1531405
-1.1647869
-1.1843657
-1.1542985
-1.1552242
-1.159
-1.1579053
-1.1490482
-1.1709057
-1.1864416
-1.1405257
-1.1676608
-1.1826341
-1.1528797
-1.1705546
-1.1335073
-1.1791425
-1.199185
-1.1695469
-1.1758454
-1.17451
-1.0365392
-1.0329767
-1.1490482
-1.1490482
-1.1545464
-1.0941778
-1.1776778
-1.1723034
-1.1637268
-1.1872341
-1.1854023
-1.2007997
-1.2004811
-1.1919602
-1.1523694
-1.1645995
-1.1682697
-1.2049065
-1.1725101
-1.1664877
-1.1776314
-1.1593194
-1.1521501
-1.191806
-1.1668133
-1.178399
-1.1561175
-1.1840797
-1.1941422
-1.1552394
-1.179928
-1.1556912
-1.0746819
-1.1490482
-1.1529728
-1.159043
-1.1590491
-1.1604666
-1.1577483
-1.1490564
-1.160243
-1.1612399
-1.1589968
-1.217655
-1.1941856
-1.1926099
-1.1795452
-1.1586226
-1.1803473
-1.1564777
-1.2054523
-1.1720162
-1.1648567
-1.1670012
-1.2356937
-1.1795326
-1.2000751
-1.1917263
-1.1574471
-1.2243122
-1.1635078
-1.1795203
-1.2019317
-1.1724919
-1.1657275
-1.1621766
-1.154988
-1.173552
-1.2218532
-1.1961739
-1.1490482
-1.1423829
-1.2492516
-1.1840204
-1.2016021
-1.135257
-1.1808294
-1.1132075
-1.1321408
-1.1910305
-1.1461966
-1.1820383
-0.96873619
-1.1658685
-1.1566276
-1.193212
-1.1532628
-1.1668159
-1.1933566
-1.1533911
-1.1814914
-1.1575891
-1.1673744
-1.1269667
-1.1605325
-1.1687421
-1.2443376
-1.173476
-1.1666785
-1.3214641
-1.1700834
-1.1601058
-1.1392596
-1.1700106
-1.1687101
-1.2227657
-1.1505837
-1.1429707
-1.1698444
-1.1821836
-1.1719979
-1.1551531
-1.1491149
-1.1449724
-1.1596915
-1.1496842
-1.1574022
-1.1494312
-1.1463792
-1.0351403
-1.177123
-1.1393512
-1.1861692
-1.1534764
-1.1641728
-1.1597644
-1.2261837
-1.1751768
-1.1642926
-1.1492841
-1.1883661
-1.2018955
-1.1621863
-1.1724898
-1.1490482
-1.1801157
-1.164237
-1.2272734
-1.1685107
-1.1366755
-1.1764306
-1.1312625
-1.156885
-1.1773905
-1.1729375
-1.1635823
-1.185578
-1.1823633
-1.2473895
-1.1600864
-1.1290525
-1.1671512
-1.1598685
-1.1769686
-1.1577373
-1.1735456
-1.1666823
-1.2038584
-1.1700114
-1.2125103
-1.1703794
-1.1828455
-1.1544754
-1.1420804
-1.1566003
-1.0705919
-1.1631622
-1.1716452
-1.1802971
-1.1739319
-1.159093
-1.1638315
-1.1508124
-1.1730424
-1.1507525
-1.1543836
-1.1490482
-1.1563714
-1.1546668
-1.168094
-1.1646379
-1.1586631
-1.1519002
-1.1841207
-1.1530543
-1.1519002
-1.1769167
-1.1516143
-1.26633
-1.1195374
-1.1759744
-1.214091
-1.1669872
-1.1556889
-1.0780618
-1.1704527
-1.1586342
-1.1551883
-1.2526207
-1.1454302
-1.157927
-1.1490482
-1.1530416
-1.1512679
-1.1641133
-1.1490482
-1.1517689
-1.1574991
-1.1643571
-1.1624133
-1.2647147
-1.1543375
-1.1601046
-1.2109021
-1.1764969
-1.1632251
-1.162072
-1.1547629
-1.2160896
-1.2079725
-1.1538608
-1.1812377
-1.1569412
-1.1884174
-1.173528
-1.1751715
-1.1759467
-1.1653792
-1.1951894
-1.1586153
-1.1640549
-1.1510488
-1.1520735
-1.1674202
-1.1596604
-1.1836251
-1.1535331
-1.1592471
-1.1957904
-1.1713266
-1.1796347
-1.206857
-1.1807206
-1.1753318
-1.1578622
-1.1460803
-1.1567966
-1.1625557
-1.1585405
-1.1691279
-1.1555211
-1.1555119
-1.1546432
-1.165193
-1.1996791
-1.1518986
-1.1587429
-1.1691687
-1.1547721
-1.0347666
-1.1058438
-1.1664691
-1.1564065
-1.1515571
-1.1490571
-1.2001583
-1.1779988
-1.0641728
-1.1298077
-1.2074952
-1.2069598
-1.1685244
-1.211313
-1.1558392
-1.1539046
-1.1755733
-1.2603652
-1.1874313
-1.1553828
-1.1890182
-1.1595867
-1.1406243
-1.1851477
-1.2205895
-1.1121839
-1.1655561
-1.1605282
-1.2008427
-1.166793
-1.1490236
-1.1835836
-1.2078707
-1.1575287
-1.1607189
-1.2253239
-1.1725665
-1.1651932
-1.1726525
-1.1602812
-1.1729977
-1.1738587
-1.1589286
-1.2153835
-1.1681498
-1.1932142
-1.2023364
-1.1671724
-1.2256816
-1.110849
-1.1708246
-1.132409
-1.182016
-1.1431975
-1.1355453
-1.1733149
-1.2122799
-1.2065633
-1.1845543
-1.1576665
-1.1798582
-1.175638
-1.1490482
-1.1580022
-1.1539713
-1.1587255
-1.1534989
-1.2150134
-1.155418
-1.1921495
-1.1798079
-1.1582601
-1.1703308
-1.1649217
-1.1544466
-1.163153
-1.205038
-1.1590981
-1.1514235
-1.2358561
-1.1837475
-1.2342378
-1.0670724
-1.1370046
-1.1863987
-1.1673435
-1.1169527
-1.1503557
-1.1559258
-1.159293
-1.1621394
-1.1809813
-1.2142043
-1.1631472
-1.2126521
-1.1633263
-1.1573014
-1.1753092
-1.1628439
-1.1552337
-1.1884219
-1.1711364
-1.1564978
-1.1865939
-1.2092943
-1.1705175
-1.245929
-1.1608896
-1.1758815
-1.1598128
-1.1716785
-1.156013
-1.1730885
-1.1962266
-1.2351336
-1.162575
-1.0689033
-1.1324728
-1.1838831
-1.155803
-1.1778869
-1.1681166
-1.2169072
-1.2136185
-1.155425
-1.179014
-1.159109
-1.1559129
-1.1630003
-1.1517046
-1.1219361
-1.1615662
-1.1507933
-1.1745739
-1.165464
-1.1669471
-1.1598546
-1.1657716
-1.132574
-1.1726757
-1.1710559
-1.1572266
-1.1370217
-1.2466932
-1.1621621
-1.1454289
-1.1348938
-1.1811571
-1.1190064
-1.1599224
-1.1718985
-1.1103764
-1.1490482
-1.1884036
-1.1546302
-1.1700499
-1.1611004
-1.156216
-1.1556412
-1.1626524
-1.1853603
-1.1595149
-1.180185
-1.1597935
-1.176393
-1.2339572
-1.135011
-1.1608765
-1.1460125
-1.2258197
-1.1834596
-1.2309512
-1.1562541
-1.1621416
-1.1332274
-1.1921485
-1.162873
-1.1892789
-1.153325
-1.1700111
-1.1561449
-1.1543707
-1.1606394
-1.1636123
-1.1797159
-1.1853751
-1.1884191
-1.171274
-1.1689758
-1.2171444
-1.1100355
-1.1105333
-1.1873938
-1.1761788
-1.1680466
-1.194531
-1.1712043
-1.1583893
-1.165986
-1.1813708
-1.1623855
-1.2497395
-1.1271187
-1.2329728
-1.156821
-1.1950364
-1.1872626
-1.1371348
-1.2164666
-1.1505262
-1.1902606
-1.2246633
-1.1735022
-1.204147
-1.2088788
-1.2088997
-1.1874608
-1.0821625
-1.1833038
-1.1580158
-1.18227
-1.1370576
-1.1608522
-1.190903
-1.1607046
-1.1859857
-1.1440924
-1.1612066
-1.2134864
-1.1810074
-1.1749051
-1.1831838
-1.1573215
-1.1821207
-1.2119196
-1.1754543
-1.1755221
-1.1480511
-1.1459845
-1.1646123
-1.1547364
-1.2127888
-1.1918243
-1.1884228
-1.1309254
-1.1918646
-1.171586
-1.1357854
-1.1544719
-1.1277445
-1.2206605
-1.0840403
-1.2088788
-1.1731917
-1.1846012
-1.1218425
-1.1440924
-1.1878534
-1.1752886
-1.1672653
-1.1490482
-1.1803067
-1.2397875
-1.1595082
-1.1438239
-1.1890654
-1.1536631
-1.1483288
-1.162084
-1.1644493
-1.169371
-1.1945778
-1.0855684
-1.1600775
-1.2878511
-1.1105331
-1.1514153
-1.1861117
-1.149101
-1.197216
-1.1213172
-1.1908724
-1.2040075
-1.1565309
-1.1673362
-1.1859639
-1.1460185
-1.1531608
-1.1111538
-1.1625141
-1.1619926
-1.1249561
-1.1634596
-1.1507571
-1.1511802
-1.1362855
-1.1897048
-1.2123669
-1.16788
-1.1595921
-1.1546693
-1.2040224
-1.1733291
-1.1991822
-1.1594982
-1.1877975
-1.1447929
-1.1627944
-1.1854675
-1.1629236
-1.1927612
-1.1633733
-1.1561163
-1.0434249
-1.1844395
-1.1588653
-1.1950007
-1.1573028
-1.1897818
-1.158518
-1.1565991
-1.1767865
-1.1621925
-1.1745377
-1.1603689
-1.1975948
-1.146889
-1.1256321
-1.1544169
-1.178412
-1.169682
-1.1577928
-1.1654593
-1.0716166
-1.2064045
-1.1591798
-1.1729927
-1.2026421
-1.1532116
-1.1244962
-1.1972095
-1.1724542
-1.1639063
-1.1745942
-1.1517512
-1.1763569
-1.1624916
-1.1629726
-1.1675258
-1.1575764
-1.1538324
-1.1335718
-1.1576746
-1.1634416
-1.1574274
-1.1672351
-1.2054473
-1.1353248
-1.1409688
-1.1617796
-1.0866151
-1.1926534
-1.1533633
-1.1664435
-1.1530439
-1.195027
-1.1950235
-1.1637386
-1.2165212
-1.1619422
-1.161937
-1.1595252
-1.1289488
-1.161144
-1.1547278
-1.1024394
-1.1672627
-1.1632047
-1.1621117
-1.1932315
-1.1581414
-1.1862445
-1.1905427
-1.1809595
-1.16256
-1.164682
-1.1519349
-1.1857386
-1.150334
-1.3296584
-1.1800234
-1.191421
-1.1584475
-1.2184795
-1.1248204
-1.223045
-1.1964698
-1.1953725
-1.1527175
-1.1696778
-1.1411997
-1.1984086
-1.1827069
-1.1776845
-1.0789638
-1.1528249
-1.2526895
-1.1585159
-1.1589332
-1.1461447
-1.1588559
-1.2173069
-1.1127736
-1.1490482
-1.1309414
-1.1632236
-1.1812343
-1.1646297
-1.2838318
-1.1725409
-1.2018116
-1.1259501
-1.2103699
-1.1971037
-1.165002
-1.1719167
-1.2116795
-1.1816234
-1.2291003
-1.1541774
-1.2202178
-1.2570157
-1.2229469
-1.1956457
-1.1569428
-1.2096995
-1.0612236
-1.1624772
-1.1507823
-1.1950485
-1.1884139
-1.176188
-1.1717893
-1.2067838
-1.1959835
-1.2228458
-1.1838748
-1.1317213
-1.1548911
-1.1520077
-1.1875874
-1.174673
-1.1248736
-1.1313129
-1.1909466
-1.1803449
-1.1876165
-1.2097073
-1.149469
-1.1215533
-1.1706652
-1.1952665
-1.1919724
-1.2317154
-1.3228019
-1.1943851
-1.1600097
-1.2248071
-1.0976936
-1.0935664
-1.2440735
-1.1510701
-1.1551572
-1.1593493
-1.1652789
-1.1550726
-1.1489223
-1.1783377
-1.1742344
-1.1273623
-1.1071271
-1.165865
-1.1586556
-1.1646524
-1.173302
-1.2657255
-1.1835421
-1.2280294
-1.1570309
-1.1570309
-1.1583138
-1.1760338
-1.1643852
-1.1890454
-1.1614831
-1.1968907
-1.1072262
-1.2102887
-1.1755937
-1.1747532
-1.1578389
-1.1595525
-1.1545145
-1.16597
-1.1490482
-1.1758632
-1.1905539
-1.1490482
-1.1626182
-1.1616276
-1.1601228
-1.1062362
-1.1711163
-1.1758131
-1.1572258
-1.163007
-1.1687382
-1.1355019
-1.1490482
-1.1566536
-1.1851625
-1.1783639
-1.1874766
-1.1695497
-1.15328
-1.1264625
-1.1667752
-1.2059072
-1.1630978
-1.1643366
-1.176812
-1.1189201
-1.1363328
-1.2067916
-1.1530965
-1.155993
-1.1597519
-1.1807379
-1.1796776
-1.2450796
-1.0937466
-1.1619683
-1.1600115
-1.165097
-1.1617658
-1.1762092
-1.1657129
-1.1292735
-1.1246845
-1.1457238
-1.1490482
-1.1541812
-1.1619661
-1.1453878
-1.1707544
-1.166328
-1.1725679
-1.1530244
-1.173275
-1.1669399
-1.1592816
-1.1585448
-1.0806775
-1.1547762
-1.1718109
-1.1894257
-1.1637667
-1.1843079
-1.1588228
-1.1425024
-1.1670219
-1.1643077
-1.2273697
-1.0574
-1.2039596
-1.1296155
-1.170547
-1.1258027
-1.1535567
-1.1709654
-1.1458462
-1.0456192
-1.1251847
-1.1518375
-1.1822669
-1.1584585
-1.1766689
-1.1562831
-1.1590915
-1.142882
-1.1655883
-1.1752173
-1.1660695
-1.1416829
-1.168751
-1.1673982
-1.1965549
-1.1737786
-1.1233866
-1.1547998
-1.1399036
-1.1520695
-1.1563895
-1.1490482
-1.0808569
-1.1557739
-1.1716913
-1.1685364
-1.1490482
-1.1078072
-1.1741701
-1.1687014
-1.1559773
-1.1634135
-1.1723402
-1.233067
-1.1651419
-1.1196516
-1.2127561
-1.1544943
-1.1638381
-1.1429765
-1.1608735
-1.2363091
-1.2239867
-1.11238
-1.152671
-1.1745652
-1.2111071
-1.1828975
-1.166727
-1.1906065
-1.2013206
-1.1853045
-1.1439376
-1.158956
-1.1942442
-1.1834135
-1.1715278
-1.1774063
-1.1797072
-1.2398291
-1.1650787
-1.1528485
-1.1639768
-1.2025495
-1.1812316
-1.1492946
-1.1888061
-1.2190167
-1.1760975
-1.1418528
-1.1133693
-1.208737
-1.2227142
-1.2389447
-1.2298513
-1.1582071
-1.159828
-1.1936409
-1.1322928
-1.1525933
-1.1643794
-1.1531513
-1.1563182
-1.1682488
-1.1625211
-1.1558196
-1.162399
-1.1582895
-1.187538
-1.1610674
-1.1969138
-1.1776867
-1.1708518
-1.1532399
-1.1780209
-1.1401743
-1.1609486
-1.1657652
-1.0771289
-1.1333188
-1.0503011
-1.1572001
-1.1549986
-1.0998219
-1.1427254
-1.1765565
-1.1398277
-1.1457465
-1.1490482
-1.1672275
-1.1503811
-1.1709132
-1.1314879
-1.1626801
-1.1620872
-1.168714
-1.1504608
-1.1757542
-1.1707699
-1.1793308
-1.1587101
-1.1177677
-1.1564284
-1.127415
-1.1575603
-1.1576161
-1.1726213
-1.1744381
-1.1289692
-1.1529466
-1.1725695
-1.1740618
-1.1812601
-1.1530883
-1.1508187
-1.1705913
-1.116617
-1.0971301
-1.1737622
-1.168374
-1.1802361
-1.1691201
-1.1833401
-1.1516896
-1.1860218
-1.1379514
-1.1567593
-1.1767179
-1.1433235
-1.1759556
-1.157996
-1.18083
-1.1445105
-1.1526461
-1.1602212
-1.149568
-1.0986642
-1.1679507
-1.15361
-1.1933309
-1.1686019
-1.1305194
-1.1509358
-1.1869126
-1.0780618
-1.168717
-1.1556339
-1.1758415
-1.1583693
-1.0720667
-1.1741802
-1.1875992
-1.1842484
-1.1363201
-1.1609308
-1.1848392
-1.1559361
-1.176081
-1.1513212
-1.153624
-1.1621284
-1.1859054
-1.1591593
-1.175485
-1.2077141
-1.1797505
-1.1539185
-1.1540088
-1.1580305
-1.2106543
-1.1469357
-1.1383018
-1.1596713
-1.1276657
-1.1694351
-1.1665563
-1.1490482
-1.1546988
-1.1826414
-1.1543305
-1.1574485
-1.1765818
-1.1026254
-1.2139416
-1.1634727
-1.1731068
-1.1789456
-1.1639177
-1.1202697
-1.1490482
-1.1710857
-1.1360036
-1.1835501
-1.1720541
-1.1739892
-1.1623348
-1.169426
-1.129933
-1.1520124
-1.1498918
-1.1675928
-1.1599189
-1.1426202
-1.1595703
-1.1578482
-1.1540136
-1.1666403
-1.1695534
-1.1619596
-1.1846976
-1.1791678
-1.1789671
-1.1490482
-1.1795565
-1.1437083
-1.1552479
-1.2138375
-1.247905
-1.1665432
-1.2265381
-1.1908501
-1.173138
-1.1726442
-1.2595439
-1.2105248
-1.2133502
-1.2101662
-1.1615995
-1.1006453
-1.2233784
-1.1522299
-1.1687354
-1.1741845
-1.2313545
-1.1626246
-1.1520514
-1.2050934
-1.2202852
-1.2185451
-1.159358
-1.1633716
-1.1554895
-1.1490482
-1.2170978
-1.1936372
-1.2122422
-1.1630832
-1.1689826
-1.1638623
-1.2039487
-1.2244137
-1.1614252
-1.1243592
-1.1613631
-1.1831946
-1.1712733
-1.1579412
-1.1243592
-1.1595865
-1.1949664
-1.1568013
-1.1637812
-1.1438834
-1.1664643
-1.17084
-1.1598637
-1.2574912
-1.1569251
-1.1605064
-1.1756585
-1.1963579
-1.1670849
-1.09079
-1.1536949
-1.1624536
-1.158021
-1.1596618
-1.186504
-1.1592321
-1.1585858
-1.1586623
-1.1681871
-1.1587481
-1.1845526
-1.1825389
-1.1615044
-1.1668663
-1.2310152
-1.1722603
-1.1645047
-1.2151083
-1.1490482
-1.1576285
-1.1752596
-1.1474628
-1.3869007
-1.1559286
-1.1587191
-1.1490482
-1.1731752
-1.1617415
-1.1052147
-1.1646561
-1.1608616
-1.1603792
-1.1624619
-1.162758
-1.1682174
-1.19301
-1.1896831
-1.1595641
-1.0936962
-1.1644582
-1.1828542
-1.1845295
-1.1657354
-1.1915908
-1.1490482
-1.1945181
-1.1621189
-1.1562505
-1.1648004
-1.1665161
-1.1614897
-1.1922719
-1.2293812
-1.1710005
-1.1993843
-1.2132038
-1.2098673
-1.2066871
-1.1658268
-1.1970657
-1.1586144
-1.1831815
-1.1460317
-1.1663735
-1.1601697
-1.1547124
-1.0991153
-1.1568792
-1.1601523
-1.1605018
-1.1535504
-1.1595373
-1.1659113
-1.1661739
-1.1640949
-1.1933813
-1.1490482
-1.1655391
-1.1460317
-1.1586662
-1.1611192
-1.1623778
-1.2017945
-1.1604376
-1.1786364
-1.1572748
-1.1561112
-1.1726569
-1.1548936
-1.1606174
-1.1553865
-1.1588072
-1.1578935
-1.1558463
-1.2161226
-1.1490482
-1.1822322
-1.1490482
-1.2294813
-1.1593915
-1.1617434
-1.157097
-1.1583024
-1.1439968
-1.1530066
-1.1581923
-1.2455451
-1.1680339
-1.16207
-1.1692232
-1.073428
-1.1490482
-1.1265746
-1.1490482
-1.1631444
-1.1584199
-1.1137769
-1.1541031
-1.1568315
-1.1511626
-1.1374865
-1.1584556
-1.1623805
-1.1601
-1.1524443
-1.1919573
-1.1593784
-1.1757397
-1.1626932
-1.1603915
-1.1731282
-1.1701235
-1.1560731
-1.1578789
-1.1568379
-1.1673473
-1.1691614
-1.1577983
-1.1570965
-1.151294
-1.163039
-1.1877353
-1.1600583
-1.1614363
-1.1621763
-1.1566412
-1.1613229
-1.1704421
-1.1589951
-1.1600454
-1.1490482
-1.1621482
-1.1592003
-1.1590982
-1.1567325
-1.1625326
-1.1808246
-1.1661944
-1.167689
-1.1789177
-1.1379331
-1.1963695
-1.18059
-1.1511364
-1.1545023
-1.1954422
-1.1978064
-1.1682152
-1.1622864
-1.1543319
-1.2217102
-1.1715227
-1.1562825
-1.1490482
-1.1707392
-1.1589373
-1.1594151
-1.1563169
-1.1541636
-1.166721
-1.211198
-1.1732791
-1.1513482
-1.1590327
-1.2587696
-1.1378815
-1.1560575
-1.2365286
-1.1490482
-1.157794
-1.1642662
-1.1625031
-1.1653888
-1.1532816
-1.1792259
-1.1706162
-1.1746046
-1.1708515
-1.1587384
-1.1609746
-1.1570707
-1.0952094
-1.1439916
-1.1578613
-1.1203311
-1.1574474
-1.1554966
-1.1691619
-1.1585881
-1.1884829
-1.1527253
-1.1115202
-1.1552463
-1.1538787
-1.1972583
-1.1730599
-1.1554084
-1.158702
-1.1607778
-1.1562798
-1.1544133
-1.1797751
-1.1681475
-1.1857058
-1.1527134
-1.1204019
-1.1678242
-1.2299391
-1.133941
-1.1582705
-1.2293629
-1.1781071
-1.1644121
-1.1560231
-1.2248997
-1.153805
-1.1577
-1.328124
-1.1730007
-1.1595414
-1.1565919
-1.1749609
-1.1548908
-1.152115
-1.1585004
-1.1609926
-1.1559163
-1.1566634
-1.1656777
-1.1804914
-1.1592368
-1.1568266
-1.1684613
-1.1611575
-1.15694
-1.1606701
-1.1897882
-1.1699087
-1.1564957
-1.1823363
-1.1572134
-1.1596523
-1.1705941
-1.1534748
-1.1650741
-1.1714691
-1.1352699
-1.1517352
-1.1906267
-1.1721348
-1.1632714
-1.151945
-1.1650044
-1.118056
-1.1859559
-1.1501101
-1.1804799
-1.158422
-1.1638964
-1.1587941
-1.1679701
-1.1490482
-1.1913207
-1.2367732
-1.1557311
-1.1569815
-1.1258833
-1.1490482
-1.160774
-1.173114
-1.2061559
-1.1580744
-1.1681263
-1.2237233
-1.1425787
-1.0845623
-1.1490482
-1.1673368
-1.156013
-1.1556585
-1.1861742
-1.1593212
-1.1698375
-1.1546762
-1.1569843
-1.1591113
-1.1615921
-1.183064
-1.1932735
-1.1528487
-1.1649963
-1.1516575
-1.1707769
-1.2106906
-1.1822318
-1.1867072
-1.1545849
-1.1569781
-1.1553214
-1.1408408
-1.1540208
-1.1592837
-1.1659776
-1.1543042
-1.1674246
-1.1182395
-1.1490482
-1.1144749
-1.1688589
-1.163127
-1.1585075
-1.1455312
-1.1858716
-1.1594587
-1.1499695
-1.1547218
-1.17051
-1.159343
-1.1555286
-1.1645055
-1.1490482
-1.2586244
-1.1616676
-1.2510019
-1.1707166
-1.1968381
-1.1537009
-1.1231176
-1.1120812
-1.170459
-1.1737784
-1.1532519
-1.1554987
-1.1254839
-1.2138502
-1.1644124
-1.1590722
-1.1640122
-1.1587462
-1.1636419
-1.1144488
-1.1649383
-1.1628926
-1.2392128
-1.1645278
-1.16837
-1.16198
-1.1651137
-1.1842414
-1.1684202
-1.1568902
-1.1814439
-1.1561679
-1.1555938
-1.1944504
-1.2246621
-1.1490482
-1.1544449
-1.1572246
-1.1175003
-1.1519008
-1.1881117
-1.1594209
-1.1696405
-1.1793041
-1.1572246
-1.1534146
-1.1653618
-1.1706914
-1.1819398
-1.2716575
-1.1567507
-1.1638561
-1.2716575
-1.1582162
-1.1537029
-1.1594755
-1.1435928
-1.1622684
-1.1526672
-1.1649885
-1.1792254
-1.1490482
-1.1185045
-1.164317
-1.1544648
-1.1566764
-1.1624194
-1.2088455
-1.1501127
-1.1528684
-1.1610463
-1.1210143
-1.1490482
-1.1727096
-1.1642046
-1.1607356
-1.1160245
-1.159897
-1.1599157
-1.0999117
-1.1736049
-1.1620744
-1.1533409
-1.2693467
-1.0906702
-1.1562862
-1.1679112
-1.1590901
-1.1765154
-1.1601024
-1.1608888
-1.0765338
-1.1527343
-1.1847254
-1.1648365
-1.1490482
-1.1617659
-1.1535302
-1.1640797
-1.1505795
-1.1602414
-1.1731062
-1.1640321
-1.1560427
-1.1612509
-1.1490482
-1.1574901
-1.1951668
-1.1490482
-1.1601696
-1.1370978
-1.1805561
-1.1642644
-1.1724305
-1.1639402
-1.1915414
-1.1651134
-1.1823223
-1.1593834
-1.1490587
-1.0780618
-1.1556309
-1.1602036
-1.1686168
-1.1658995
-1.1508287
-1.1556187
-1.1532333
-1.1588359
-1.1437279
-1.1734138
-1.1578233
-1.1034638
-1.166327
-1.1686367
-1.2555396
-1.1783545
-1.1658456
-1.1663392
-1.1630309
-1.1985601
-1.0723167
-1.1620347
-1.1599142
-1.1641002
-1.1640012
-1.193434
-1.1714181
-1.1826894
-1.1678057
-1.1558584
-1.1490482
-1.1332669
-1.1907025
-1.1878972
-1.1889334
-1.1490482
-1.1761324
-1.1598852
-1.1624392
-1.1577797
-1.1896216
-1.144832
-1.1579078
-1.1584235
-1.1411962
-1.1602687
-1.1656527
-1.1490482
-1.1532153
-1.1714213
-1.1565889
-1.1554177
-1.1518468
-1.1490482
-1.1698129
-1.1551385
-1.1564497
-1.1566932
-1.1564192
-1.1593067
-1.1787077
-1.2184057
-1.2350195
-1.1515866
-1.1515964
-1.0124946
-1.1490482
-1.154757
-1.1528411
-1.1588174
-1.1490482
-1.1538046
-1.172296
-1.1665333
-1.1610115
-1.1606449
-1.1430417
-1.1592335
-1.1546208
-1.1585919
-1.1606198
-1.155023
-1.1405625
-1.1572948
-1.1584752
-1.1458257
-1.1963166
-1.1740555
-1.1624658
-1.181429
-1.1648252
-1.1240061
-1.2111674
-1.1619046
-1.1796374
-1.1573966
-1.1599398
-1.1539937
-1.1532015
-1.1490482
-1.1091115
-1.1937821
-1.1697489
-1.158672
-1.1609247
-1.1005435
-1.1514198
-1.184061
-1.152522
-1.1565892
-1.1534873
-1.1969878
-1.2410094
-1.1574017
-1.1571038
-1.1660368
-1.1587557
-1.1612636
-1.1544359
-1.179534
-1.1604564
-1.1552244
-1.1756566
-1.1490482
-1.163204
-1.157542
-1.1566613
-1.1610515
-1.1632481
-1.2410147
-1.1542142
-1.1555686
-1.1713334
-1.1624341
-1.1555038
-1.1778859
-1.1942422
-1.1599117
-1.1507919
-1.1635876
-1.159838
-1.1592855
-1.157976
-1.1797221
-1.1646172
-1.1599695
-1.248458
-1.1829538
-1.2059685
-1.1475827
-1.1535372
-1.1607573
-1.1578199
-1.1600384
-1.1764193
-1.1604583
-1.1043893
-1.1576528
-1.1591389
-1.1930726
-1.1852784
-1.2103535
-1.1590108
-1.1224643
-1.1490482
-1.173271
-1.1537065
-1.1759602
-1.1627903
-1.1523771
-1.1859136
-1.1659429
-1.158646
-1.1498578
-1.168906
-1.1933403
-1.0417284
-1.161291
-1.1604583
-1.1518896
-1.1600407
-1.1805904
-1.1510688
-1.1531924
-1.1778346
-1.1599456
-1.1652895
-1.1558995
-1.1556415
-1.160658
-1.161659
-1.145342
-1.1726356
-1.1527577
-1.1853692
-1.2078121
-1.1515238
-1.1542043
-1.1600386
-1.1640821
-1.1706199
-1.1586885
-1.1462373
-1.1575431
-1.1480101
-1.1392785
-1.1836727
-1.161791
-1.1622025
-1.1553304
-1.1574653
-1.1685375
-1.1233961
-1.1676387
-1.1575045
-1.149418
-1.162081
-1.1930792
-1.1839763
-1.1619672
-1.1582728
-1.1124526
-1.1989867
-1.1490482
-1.15818
-1.0920833
-1.1134727
-1.0927165
-1.0927165
-1.2055463
-1.1665022
-1.1578904
-1.1823961
-1.1115865
-1.3007399
-1.2230899
-1.1782024
-1.1300516
-1.1682707
-1.1688685
-1.151957
-1.199888
-1.1738761
-1.189111
-1.2281773
-1.1371192
-1.1331202
-1.2436483
-1.1632826
-1.1779805
-1.158773
-1.2704712
-1.1367704
-1.2134811
-1.1958591
-1.1562718
-1.1999813
-1.1883578
-1.2608946
-1.1681331
-1.1585184
-1.1572828
-1.1490482
-1.2281773
-1.2483982
-1.1849654
-1.1935891
-1.1733681
-1.3473937
-1.1812412
-1.1651404
-1.1754748
-1.2666151
-1.0836215
-1.2039281
-1.1613241
