85
27
18
85
86,58
72
10,58,70
27,87
26


35

36
27,87
22
22
47
85,4

1,26

22
22
22
22
84
85
90
79
79
1
47
18
55,77,86,58
22
1
22
85
1
37
22
85
47,20
16
47
1
79
79
22
51
22
48,85,16,47,20
1
22
22
1
1
1
85
22
72
22
72
22
22
22
35,47
22
22
22
22
22
22
39
22
1
22
1
22
22,35
22
79
47
79
22
22
22
22
1
22
1
22
22
22
22
79
22
79
22
22
1
22
22
22
22
1
22
13
1
30
13,27,74,55,77,82
39

47
48
1
22
22
22
1
1
22

22
22
1
22
22
22
22
22
22
22
1
47
22
22
7
35,47
27,87
22
22
27
22
22
22
1
84
22
1
22
22,1
1
1
22
1
55,66
22
27,87
22
1
22
22
22
1
1
22
22
85
1
22
1
22
85
22
22
7
22
22
22
22
22
22
22
22
10
72,18
1
22
85
22
22
1
22
35,47
22
1
84
14
22
22
85
22
22
18
22
47

18,50
1
22
48
22
18

22
22,18,50
47
44
1
22
22
85,37
22
1
22
22
27,87
27,87
22
1
22
22

22
13,27
44
22
1
22
22
22
22
1
27
1
22
1
22
25,35
1

37
22
22
22
50
22
22,50
22
22
10
22,1
22
1
18
13,27,87
18,24
22
22
22,1
18,24
85
22
22
10
22
1
47
39
1
85,69
2

47
35,47
22
22
86,22
35,47
85
22
27,87
22
22
79
22
22
89
1
22


26
22
79


61
1
70
1
22
85
22
85
47,20
47
35,47
22

47,20
35
79
85
35,47
47
47
22
47
47
47
89
22
22
47,20
79
1
1
1
26
27,87
22
22
22
1
26
22
47,20
1
39
1
22
22
22
22
27,55,80
1

44
47
22
22
18
22

35,47

22
27,72
44,31
22

35,47
10
1

1
1
22
22
47
35,47
85,25

22

22
22
35
1
47

1
22
27
14
1
22
1
27,87
4
55
1
35
35
27
22
27,87
1
10
22
22
1
22
22
1
1
22
22
1
22
22
35
1
30
35
22
35,47
1
47
13,27,3,87

47
37

35,47
22
1
22
22
47
22
22,37
22
22
44,5
14
85
13,27
27,3
22
7
22

1
85
22
22
22
1
22

13,27,87
47,20
22
22
1
13,27,55,77
22
47,20
22
22
47
22
79
1
22
22
22
22
22
22
27,72
1
22
1
22
13,27
55,66
22
10,85
27,72
72,79
27,72
22
22
22,50
22,1
10,85
1
68
22

22
22
22
22

67
22
22
22
1
22
22
1
22
85,4
22
44,5
22
22
26
79,35
35
22
22
1
26
35
84
22
22
22
22
30
11
22
22
22
27,87

47
22
27
27
13,27,87,55,77
56
56
22
22
87,55,77
56
56
13,27,87,55,77
62
62
13,27,87
1
13,27,87
27,87
55,77
27,87
22
27,87
27,87
27,87
27,87

27,87
13,27,74,55
27,14
13,27
22
1
22
1
22
22
22
13,27,74,87,55,77,14
1
27,87
1
27,87
22
22
1
22
1
22
22
55,77,46,75
13,27
27
22
22
13,27
13,27,87,55,77,46
1
22
27
27,87
27,55,72
1
1
55,77
55,77,46
55,77,86
23
14
27,87
27,69
56
22
11
22
22
22
18
27,72
22
44
48

13,27,3,54,74,87
55,77,86,46,75
1
22
56
1
1

22
1
22
1
14
13,27,74,55,76,77,86,46,14
48
48
48,67
22
22
22
22
22
48
11
48
1
1
48
1
13,27,87,55,77
1
22
47
18

50

13,27
22

22
22
1
22
22
1
1
22
1
1

1
22
85,4
35,47
22
48
47,20,89
47,20
47,20
47,20
27,72
85,47
35,47
47,20
72
18
27,69
55
47
22,18
85
1
79
85
85
35,47
10
7
13,27
39
85
47,20
14
25,4
11
47,20

10
1
85
22
35

11
85
85
1
47
16
1
85
22
22
36

27,87
1
27
13,27,69
7
26
35
1
1
25
22,1
47
47,26
1

18
22
22,25
22
22,1
22
1
47
2
35,47
79
35,47
47,20
85,47
86,58
90

25
25
47
25
22
1
22
22
1
1


47
1
1
22
22
1


22
22
1
1
22

22
85
1
22
22
1
26
47
47
22
44,31
85
85
1
22
22
22
22
27,55,72
22
25,47
22
88
27,87
35
22
1
22
10
42
48
22
22
47
26
1
22

22
22
22
35
22
22

1
22
35
1
42
22
22
30
22
44
22
2
22
2
22
79
35,47
1
22
22
22
22
22
22
22
22
22
22
85
27
22
86,58
22
22
72,18
22
22
1
22
22
22
22
22
1,44,5
22
35,47
22
22
22
22
22
22
22
1
22
1
22
22
22
1
1
1
22
1
35
1
22
16
22
22
1
1
22
22
22
22
1
22
1,18
22
22
55,66
22
22
18,50
22
22

1
1
22
1
1
22
1
22
1
1
22
1
1
22
22
22
22
22
22
1
22
22
1
22
22

22
22

22
22
1
22
22
50
22

1
1
1
22
1,44,5
1
22
1
13,27,87,55,77
22
22
1
22
22
22
22
22
22
22
22
1
22
1
44
35,47
22
22
1
22
1

1
22
22
22

26
22
1
22
18,50

22
22
22
27,69
22
26
22
18
22
22
22
22
22
1
1
22
13,27
22

85,56
22
56
22
22
18
22
22
22
22
22
1
1
18
48

1
22
22
22
1
18
22
1
22
22
1
22
22
22
1
1
1
22
22
1
35
1
1
22
1
1
22
1
22
1
1
22

22
1
22
22
1
22
18
22
22
1
1
22
1
18

47,20
47,20
85
88
1
79
2
13,27
55,77,85
74
47,20,89
48
85,4
1
18
27,85,5
13,27
85
42
35
27,87,88
85
85
70

48
16

85
85
27,85,5
22
85
22
1
22
22
22
22
22
22
22
22
22
22
22
22
22
1
22
22
22
22
22
22
22
22
22
22
22

22
22
22
22
22
22
36
22
22
1
85

88
85
22
22
2

1
1
1
1
22
22
22
22
22
22
36
47
48
22
22
22
22
22
22
1
22
22
1
1
1
85
85
85
22
22
22
22
48,35
22
10
1
35,47,20
48
85,47,20

1
47,20,89
1
35
35
1
18
18
22
24
16
27
35
24
35,47
85
85
70

72,18
24
35,47

27
55,86
18
22,1

1
1

1
1
22
1
72
1

7
1
1
13,27,87
1
1

85
1
18,50
1


47
1
1
1
1
22
22
22
22
1
22
22
22
1
1

1
7
1
1
1
1
35,47
1
1

1
1
35
1
1
1
1
22
1
22
22
18
22
35,47
26
1
22
26
39
1
1
1
1
1

22
18
1
22
22
27,87
7,10
1
18

1
22
1
37
1
22,1
1
22
45
1
1
1
2
1
1
2
22
1
7
1
22

1
1,69
13,27,87,55,77
1
1
1
84
7
1

1
1

1
85
22
1
22
27,87,55

35
86
1
1
1
1
27,3
27,3
1
18
22
1
1
1
18
1

1
1
1
22
22
1
22
1
22

22
1
1
22

18

1
44,5
1
1,31
1
22
1
1
1
1
22
1
1
1
1
1
1
1
1

85,20
1
1

18
1
47


35
47
18
22
18
18
70
25
36
35,47
22
22
25
1
1
1,50
47
4
22
79
4
18
4
50
18
47
67
67
35,47
35,47
85
1
47
27,87,72
1
1
1
1
27
18
22
22
35,47
22
1
25
22
1
22
1


1
7,1
1
22
1
16
25
20
35

73
7
1
27,3
22
1
44,5
27
1
1
1
1
22
47
35,47
22
85
22
22
18
22
1
1
1
1
18
35,47
22,2

22
44
1
85

18
67
10
22
72,79
1
47
1
47
1
18,24
85
1
86,85
22
22
1
22
72
22
26
55,77,46,75
22
1

18
1
1

1
1
22,72,18

7
7
1
11
72,18
1
72,18
1
18
1
1
1
22
22
22
22
50
37

22
27,3
72,18
27,87
44
44
11

22
22
34
27,87
1
85
22
27
22
22
22
18,24
1
22,11
67
10

22
18

18
1
1

1,11
18
1
27,87
4

1
5
22
22

18
47,20
35
47,20,89
88
24
47,20
35
47
1
72
85
1
1
23,49
22
13,27,74,55,77,46
22
48
35
26
25
18
22
85,4
22
1
88
22
85
35,47
18
18
67
67
1
79
39
33
36
48
48
39
33
55,77
35
1
79
22
35

1
1,18



1
1
1
1
1
22
1
35
86
22
22
10
1
22
79
22
13,27,87
39
18
85,35,4
22
1
79
1
1
22
22
1,18
1
18
1
1
1
33
33
1
47
35,47

47
44
18
18
1
1
1
18
18
18
22
86
18
22
18
18
18
18
22
22
22
22
22
47
18
1
22
18
18
50
18
86
18
18
4
67
35,47
1
37
4
18
35,47
18
37
22
18
22,18
1
22
55,77,86,58
50
1
18
18
18
60
18
1
22
18
22
22
22
85
18
1
11
72

1
18,50

1
10
1
1
72

22

14
22
1

1

1
27,87
23
35
1
27,3,87
1
25
50
2
1
1
84
2
1,50
1
90
1
90
48
1,37
11
22
13,27,87
22
1

1
27,87
1
85,25
1
25,39
1
16,25
85,25,4
85
25
25
25
25,4
22
25
25
25
1
22

35
20
35
20
48,35
22
85
2
67,47
2
1
85
22
1
22,1
22
27,72
55,77
27,69
25,20
85,4
84
18
72
67,4
36
16
16
88
24
1
86,58
72
72

18,50
1
1
35
72
1
18
1
1
22
1
1
1
85
13,27,69
35
27,87
22
22
22
22
1
1
18

18
67
72
47
1
1
27,87

47
47

1
1
22
1
1
1,85
27,79
1
22
44,5
1
1
1
85
27,87
55,66
1
1
1
48
18
1
1
18

48

1
22
1
22
1
10
27,87
1
1
2
1
1
1
1
1
1
1
1
22
7
1
1
1
22

1
22

79
22
22
85
1
1
1
1
1
1
10
27,69
63
72,18
1
1
22
1
1
48
48
1
1
22
22
1
22
1
90


1
22
1

1
1
22
1
1
10
22
1
1
50
1
22
1
50
1
22
22
90
25
10
1
35
35
47
18
18,50
18
18
7
1
18
18
1
18
1
35,47
47
16
22,35
35
86

85
2
47
35,47
85
35,47
27,5
86

18
35
18
18
22
22
4
85
7,10
22
1
16
1
1
1
22
22
22
1
22
22
1
22
22
16
1
22
22
85
1
24
1
22
27,3

22
1
1
22
1
1
72,18
47
1
90
47
1
1
1
1
22
1
22
1
22
1
1
13,27
22
1
1
1
1
1
1
22
1
22
1
1
72,18
1
1
22
1
1
26,73,90,41
1
1
1
1

1
11
22
11
22
22
22
1
1
26
22
10
26
1
22
22
13,27,87,55,77
1
1
1
1
1
18
1
14,69
1
1
18
22
22
1
1
22
1
22
1

18
1
1
1,67,18
32,35
1
72,18
22

1
1
1
1

1
1
1
22
85
1
18
1
22
1
1
1
1
85,14
1
1
22
1
1
1
27
1
22
1
1
22
1
85,83
1
1
39
39
47

20
72,18
18
47
7
18



48
13,27
14

48
18


72,18
1
1
35,47
1
55
47
69
2
72

48
47
47
70

47
20
47
47
47
18

18,50
18
11
72,18

22
32
22
1
32
22
22
22
67
22
22
22
1
22
22
1
35
22
35
35
22
22
22
22
22
22
22
22
22
10
22
22
22
1
22
22
22
55,46,75
1
22

22
1
22
22
22
22
22
22
70
27,87
27
22
22
22
22
27,87
22
16

22
22
22
22
22
22
27,87

72
48,35
35,47
85,67,47
35
22
70
22
18
22
22
35
22
22
22
22
22
1
1
22
22
22
22
1
22
22
22
1
22
37
22
1
22
1
22
72,18
22
27,87,85
22
22
22
37
47
22
47

1
22
22
22
22
22
22
13,27
22
22
22
22
22
22
22
22
47
22
1
22
22
10
22
22
22
22
86
22
22
22
22
1
1
22
22
18,30
22

22
22
22
22
18
22
22
22

22

22
22
72,18
22
22
22
22
22
22,1
84
18
55,77,86
55,85
22
72,18
10
22,1
22

22
22
22
18
22
22
22
1
22
1
22
22
22

22
22
22
47
22
22
27,5
22
22
22
22
1
22
22
22
35
22
22
22
22
22
27
1
22
22
22
22
22
22
22
22
22
1
22
22
22
22
22
22
22
27,87
1
44

22
22

72,18
22
13,27
22
22
1
13,27,87,55,77
22
22
13,27
22
22
22
18
22
22
22
22
22

50

22
22
22
22
22
22

1
22
85
22
18
1
22
1
26
22
22
18

22
22
22
18
18
13
1
22
18
1
22
22
27,87
1
22
22
22
1
1
18
85
35
13,27

1
22
22
35
22
22
1
72,18
1
22
18
22
22
85

22
1
22
22

1
22
22
22
22
22
22
22
1
22
22
22
22
22
1
22
22
72,18
85
22
1
1
22
22
22
1

47,20
85
35,47
18
18
22
72,18
72,18
22
22
1
22
72,18
47
22
22
1
22
1
72
22
1
47
18
22
55,86
22
22
1
22
18
22
1

47
22
22
22
22
22
18
22
22

22
18
1
1
22
47
22
22
47

22
22
22
22
22
22
22

72,18
1
22
22
22
85
72,18
1
1
72,18
1
72,18
1
22
72,18
22
22
22

1
22
47
22
1

22
22
22
22
22
1
1
1
22
22
22
1
22
22
1
1
22
22

1
1
1
1
1
18
1
1
22,18
22
1
55
22

13,27,87,55,77
1
22
4
1
22
22
22
22
22
22
22
22
22
47
27


1
35
72,18
22
1
1
22
22
47
1
22
1
22
22
72,18

27,87
47

22
22
22

47,20
22
22
22
10
22
22
22
22

22
22
22
22
22
22
22
22
18
22
1
47
22
22
22

22
22
1
22

22
22
18
22
22
22
22
22
22
1
1
22
22
22
22
22
22
22
22
13,27,87
22
17
22
1
22
1
22
22
22
22
22
1
22
22
22
22
18
22
22
18
22
47
1
22

22
47
22
1
1
1
26
22
1
22
22
1
22

1
22

22
1
1
79
22
47
22
22
22
35
1
22
22

35
47
22
22
22
22
22
1
1
22
22
22
18
44,5

18

22
22
1
1
22
18

22
22
1
22
85
85,4
1
1
1
22
1
22
22
1
1
1
22
22
22
22
22
50
1
1
27
1
1
22
22
22
22
22
1
22
18
22
22
22
22
1
22
72,18
22
1
18
1
47
1
85,4
22,72
72,18

1
22
22
18


18
22
22
22
72,18
13,27,79
47,20
48
72,18
18
1,32
22,72,18
47

47

72,18
4

72
25
72
27



1
47
18,50
47
1
22
22
1

70
35
85

10
18
27,69
1
47,20
72
36
26
