0	1.000000		1.000000	1
1	1.000000		1.000000	0
2	1.000000		1.000000	1
3	1.000000		1.000000	2
4	0.985667		0.992000	3
5	0.523000		0.525000	4
6	0.481333		0.498333	5
7	0.408667		0.411333	6
8	0.369000		0.373667	7
9	0.368000		0.369000	8
10	0.419000		0.424333	9
11	0.369000		0.379000	10
12	0.349000		0.347667	11
13	0.365333		0.375333	12
14	0.328667		0.330667	13
15	0.330333		0.337667	14
16	0.369667		0.385000	15
17	0.348000		0.355333	16
18	0.354000		0.353667	17
19	0.334667		0.327667	18
20	0.334667		0.348000	19
21	0.329000		0.333667	20
22	0.324333		0.333000	21
23	0.312333		0.320000	22
24	0.301667		0.316000	23
25	0.303667		0.306000	24
26	0.286667		0.297000	25
27	0.293333		0.301667	26
28	0.296333		0.301667	27
29	0.286667		0.287000	28
30	0.279333		0.282333	29
31	0.275000		0.283667	30
32	0.267333		0.272333	31
33	0.266333		0.273333	32
34	0.265667		0.274667	33
35	0.261000		0.264333	34
36	0.268667		0.274667	35
37	0.264667		0.278000	36
38	0.257333		0.265667	37
39	0.268667		0.279333	38
40	0.253000		0.267000	39
41	0.265667		0.278667	40
42	0.249333		0.262000	41
43	0.252333		0.266667	42
44	0.240000		0.251000	43
45	0.248333		0.264333	44
46	0.237667		0.247000	45
47	0.235667		0.245667	46
48	0.241000		0.251000	47
49	0.232667		0.245333	48
50	0.229667		0.243000	49
51	0.227333		0.241667	50
52	0.225333		0.240667	51
53	0.224333		0.242667	52
54	0.224333		0.243667	53
55	0.223667		0.241000	54
56	0.222000		0.236667	56
57	0.222000		0.239000	57
58	0.234333		0.244667	58
59	0.225667		0.241333	59
60	0.218333		0.241000	60
61	0.220333		0.238000	61
62	0.219333		0.241000	62
63	0.219000		0.241000	63
64	0.214667		0.237667	64
65	0.209667		0.229667	65
66	0.210333		0.230667	66
67	0.224333		0.233667	67
68	0.212667		0.229333	68
69	0.218667		0.231000	69
70	0.203667		0.229333	70
71	0.214667		0.227000	71
72	0.208333		0.228667	72
73	0.204000		0.225000	73
74	0.202333		0.225333	74
75	0.201000		0.223000	75
76	0.205333		0.224000	76
77	0.210333		0.224333	77
78	0.206333		0.219000	78
79	0.208333		0.228333	79
80	0.214000		0.233333	80
81	0.210000		0.224667	81
82	0.210333		0.225000	82
83	0.207333		0.220667	83
84	0.209000		0.221000	84
85	0.208667		0.221000	85
86	0.210667		0.226333	86
87	0.203333		0.218000	87
88	0.194000		0.212000	88
89	0.199667		0.218667	89
90	0.198667		0.217000	90
91	0.200333		0.217000	91
92	0.198667		0.217333	92
93	0.191667		0.212000	93
94	0.201667		0.216667	94
95	0.188667		0.212333	95
96	0.197000		0.212000	96
97	0.186333		0.212333	97
98	0.193667		0.211000	98
99	0.199667		0.214000	99
100	0.193667		0.210333	100
